1 20 86 4.3 19 6 [3846, 20172, 91, 7605, 12756, 11202] 9278 6470.23976028 20172 91
2 20 74 3.7 19 19 [22, 1338, 3279, 3546, 4375, 7114, 9807, 550, 1479, 2216, 330, 1214, 2403, 2106, 5210, 4178, 7124, 13287, 14714] 4436 4133.80807381 14714 22
3 20 72 3.6 19 19 [144, 24, 453, 992, 772, 3054, 3924, 16, 21, 667, 1164, 1525, 2382, 958, 796, 901, 1644, 2089, 3132] 1297 1113.78116432 3924 16
4 20 74 3.7 40 12 [127, 3702, 20328, 21660, 23504, 54, 3394, 6392, 7240, 13770, 20854] 11002 8771.29464986 23504 54
5 20 74 3.7 19 18 [1768, 787, 1449, 1331, 3381, 5870, 11081, 340, 3049, 3118, 11095, 1702, 3640, 5821, 2303, 7625, 11712, 11723] 4877 3932.62964397 11723 340
6 20 76 3.8 19 19 [3129, 240, 412, 1048, 2097, 2937, 5348, 3098, 3801, 3717, 2615, 4407, 5206, 7126, 6509, 6855, 9100, 14449, 13198] 5015 3783.26421592 14449 240
7 20 76 3.8 19 15 [3593, 3113, 5599, 4604, 15472, 18226, 552, 6639, 8201, 19037, 13246, 14467, 14874, 23787, 23634] 11669 7341.39420728 23787 552
8 20 74 3.7 19 19 [2662, 1539, 2678, 2799, 5030, 9144, 13611, 1069, 3831, 1650, 1509, 2180, 3990, 6133, 7011, 7148, 9622, 7501, 13196] 5384 3770.60781378 13611 1069
9 20 76 3.8 19 15 [6527, 2410, 18087, 20741, 22700, 24833, 85, 4551, 7544, 10564, 9955, 13004, 17183, 21852, 17037] 13138 7611.31412394 24833 85
10 20 76 3.8 19 18 [5978, 198, 4401, 9225, 13503, 21578, 24832, 1045, 6726, 1895, 5601, 6944, 9552, 10595, 11027, 18597, 20312, 21631] 10757 7463.26625365 24832 198
11 20 70 3.5 36 6 [5523, 5358, 4283, 4546, 7359, 5220] 5381 988.426822447 7359 4283
12 20 72 3.6 19 19 [5943, 303, 393, 4200, 4197, 6005, 20356, 3389, 507, 5796, 7511, 5709, 10901, 7308, 11677, 11609, 6679, 16097, 9310] 7257 5071.23341387 20356 303
13 20 74 3.7 19 17 [8465, 2747, 5202, 12563, 17694, 21031, 1145, 22136, 182, 3646, 926, 1572, 1951, 8548, 17363, 23967, 24871] 10235 8803.9029195 24871 182
14 20 72 3.6 19 19 [82, 1200, 1628, 1601, 6962, 7351, 13945, 4, 1080, 1320, 1180, 3617, 690, 4240, 1097, 2783, 6484, 11161, 20436] 4571 5309.17708174 20436 4
15 20 70 3.5 16 13 [1344, 1226, 4419, 4732, 5006, 8693, 2988, 2490, 3823, 6090, 2835, 2010, 7650] 4100 2231.06351375 8693 1226
16 20 74 3.7 19 17 [1027, 14, 389, 6455, 9239, 9477, 9198, 1178, 1830, 545, 1076, 4913, 2326, 12965, 4490, 10227, 12588] 5172 4437.88200052 12965 14
17 20 72 3.6 19 18 [1218, 5629, 6488, 8981, 11281, 17332, 19979, 1738, 2340, 16995, 1863, 6238, 2163, 5468, 6443, 11370, 12687, 23709] 8995 6642.86598122 23709 1218
18 20 74 3.7 19 17 [1333, 754, 9787, 5298, 10506, 12367, 261, 4989, 1307, 3061, 1974, 6462, 13039, 8168, 17025, 16074, 21202] 7859 6210.24028643 21202 261
19 20 82 4.1 19 8 [1468, 788, 2299, 1297, 10054, 5887, 3269, 14585] 4955 4642.28220915 14585 788
20 20 76 3.8 19 10 [3325, 17733, 12411, 22680, 11349, 157, 21375, 23600, 11185, 21613] 14542 7835.18337756 23600 157
21 20 88 4.4 19 15 [3441, 694, 2827, 11359, 13728, 17850, 19314, 8230, 3257, 7970, 128, 2894, 4041, 21721, 16674] 8941 7054.57100861 21721 128
22 20 78 3.9 19 8 [2751, 1643, 8809, 16150, 16461, 7065, 9362, 16718] 9869 5672.19407367 16718 1643
23 20 94 4.7 19 15 [610, 358, 1592, 8917, 17777, 4651, 10023, 6238, 11561, 11948, 667, 11844, 12043, 10588, 19482] 8553 5865.28389159 19482 358
24 20 86 4.3 19 18 [4786, 4331, 5871, 16781, 17741, 23665, 2060, 3066, 2822, 13412, 22541, 1305, 1501, 17853, 15746, 13605, 21677, 24699] 11859 8320.99278933 24699 1305
25 20 76 3.8 38 7 [4746, 22576, 4996, 24606, 15439, 2277, 23531] 14024 9126.71727649 24606 2277
26 20 78 3.9 19 19 [5043, 1101, 1811, 6147, 8421, 8009, 13365, 332, 1712, 1332, 2043, 7226, 8698, 377, 1058, 3484, 4879, 6313, 9432] 4778 3631.03928103 13365 332
27 20 104 5.2 1 1 [1913] 1913 0.0 1913 1913
28 20 80 4.0 19 13 [6251, 3107, 7913, 24122, 3178, 4948, 6973, 10015, 18111, 2983, 8210, 10973, 10301] 9006 5903.1786042 24122 2983
29 20 74 3.7 19 17 [7407, 2356, 3082, 7615, 9878, 10042, 4147, 3626, 4655, 7748, 12548, 1545, 2006, 4477, 10571, 11343, 23310] 7432 5240.50792065 23310 1545
30 20 80 4.0 19 18 [6706, 436, 3535, 9786, 19103, 21868, 664, 1789, 2962, 10519, 15910, 19339, 6766, 4947, 7349, 7224, 21647, 23133] 10204 7646.73527388 23133 436
31 20 82 4.1 19 19 [5653, 925, 169, 4057, 2263, 1802, 9267, 235, 543, 2333, 3397, 4705, 3776, 2017, 2834, 5165, 5201, 268, 1608] 2958 2287.47220318 9267 169
32 20 72 3.6 19 11 [9496, 504, 2418, 4159, 13062, 7628, 11251, 1731, 7069, 7275, 11161] 6886 4019.5295539 13062 504
33 20 70 3.5 16 9 [8203, 1033, 5315, 5997, 1106, 2628, 3784, 8745, 8992] 5089 2967.36417934 8992 1033
34 20 98 4.9 19 8 [5291, 9028, 1324, 7408, 19847, 20194, 6536, 22543] 11521 7556.46610423 22543 1324
35 20 86 4.3 19 10 [8958, 5011, 9058, 23600, 1935, 9372, 22127, 16622, 14854, 13759] 12529 6647.40179619 23600 1935
36 20 82 4.1 19 17 [8083, 3407, 6750, 7001, 13351, 16405, 20422, 2878, 2007, 15235, 12465, 2465, 10450, 11740, 13118, 15308, 20228] 10665 5793.75607233 20422 2007
37 20 74 3.7 19 8 [13100, 23017, 12463, 17052, 15336, 11800, 7602, 13986] 14294 4193.13450774 23017 7602
38 20 70 3.5 16 7 [14960, 6974, 7456, 4906, 4001, 4219, 9770] 7469 3601.85205761 14960 4001
39 20 86 4.3 19 6 [14754, 2108, 8029, 17295, 8687, 19554] 11737 6012.05099271 19554 2108
40 20 86 4.3 19 8 [10914, 179, 9706, 24111, 4218, 4416, 7894, 18344] 9972 7375.28309202 24111 179
41 20 76 3.8 19 15 [12993, 1226, 1460, 2158, 8096, 19653, 24617, 2704, 3265, 13116, 15076, 309, 15064, 14402, 18281] 10161 7624.61273916 24617 309
42 20 104 5.2 1 1 [6737] 6737 0.0 6737 6737
43 20 70 3.5 36 3 [18699, 745, 8262] 9235 7361.93191734 18699 745
44 20 76 3.8 19 8 [16107, 3609, 4074, 5738, 7542, 2665, 5106, 12723] 7195 4468.09022402 16107 2665
45 20 74 3.7 19 16 [15461, 1360, 5740, 6063, 12480, 23135, 20965, 3636, 8681, 7763, 18039, 370, 711, 1729, 4905, 12755] 8987 7130.3213503 23135 370
46 20 70 3.5 16 9 [16541, 1312, 4096, 5838, 1262, 4785, 9611, 1667, 7633] 5860 4654.415469 16541 1262
47 20 98 4.9 39 3 [8623, 14216, 24255] 15698 6467.20439345 24255 8623
48 20 72 3.6 19 19 [14929, 40, 619, 962, 2271, 1825, 12604, 841, 1083, 2400, 6428, 7235, 16080, 657, 707, 1348, 1966, 1939, 15404] 4702 5520.27137968 16080 40
49 20 76 3.8 19 7 [21920, 12608, 9923, 4325, 8676, 10955, 10386] 11256 4969.45456704 21920 4325
50 20 106 5.3 1 1 [11660] 11660 0.0 11660 11660
51 20 90 4.5 19 7 [18634, 657, 3452, 14080, 10468, 6766, 14520] 9796 6002.13311402 18634 657
52 20 74 3.7 19 10 [26435, 6400, 6808, 9855, 14285, 20471, 22875, 9812, 2766, 17318] 13702 7455.74923465 26435 2766
53 20 96 4.8 39 14 [14599, 4208, 6299, 10013, 24601, 17305, 6548, 21191, 19944, 24507, 40870, 52732, 60151, 61216] 26013 19102.6000357 61216 4208
54 20 72 3.6 19 14 [28140, 2361, 2980, 9967, 12623, 3039, 14278, 5172, 8725, 15083, 6959, 10077, 22685, 22886] 11783 7804.58956974 28140 2361
55 20 78 3.9 19 9 [28467, 7455, 20175, 6421, 9940, 4580, 13368, 15852, 20021] 14031 7401.17182914 28467 4580
56 20 70 3.5 19 12 [32002, 1120, 1385, 9550, 55, 7378, 8200, 605, 3093, 3367, 232, 1325, 6491, 6007, 4941, 5986] 5733 7398.23810925 32002 55
57 20 88 4.4 39 12 [26792, 1008, 19993, 22870, 1243, 2593, 7992, 9856, 18030, 22589, 28029, 30289] 15940 10408.8393392 30289 1008
58 20 86 4.3 39 3 [30082, 26154, 28978] 28404 1654.05145695 30082 26154
59 20 90 4.5 19 12 [20238, 11242, 10806, 21886, 23058, 18605, 1467, 3402, 7133, 5997, 7922, 11983] 11978 7039.89415315 23058 1467
60 20 78 3.9 39 3 [43131, 21864, 12418] 25804 12844.3700334 43131 12418
61 20 70 3.5 16 6 [34627, 3833, 2235, 9300, 602, 9396] 9998 11503.5752039 34627 602
62 20 74 3.7 19 14 [33760, 4349, 4829, 10426, 15531, 3, 4077, 9524, 12048, 23819, 969, 2788, 8132, 9977] 10016 8950.05854501 33760 3
63 20 82 4.1 19 10 [31283, 2117, 3067, 18213, 20467, 17819, 22274, 22101, 6151, 19139] 16263 8969.27906189 31283 2117
64 20 88 4.4 19 8 [46285, 279, 15167, 24810, 21688, 1075, 18028, 12037] 17421 13699.5045845 46285 279
65 20 72 3.6 39 1 [45755] 45755 0.0 45755 45755
66 20 94 4.7 39 4 [28992, 22986, 17628, 62291] 32974 17396.8579976 62291 17628
67 20 92 4.6 19 11 [35403, 140, 9098, 15864, 24848, 1087, 5336, 15100, 16619, 18771, 21340] 14873 10061.1775119 35403 140
68 20 92 4.6 19 8 [27814, 19760, 807, 9935, 24167, 13730, 16563, 24357] 17141 8313.4109717 27814 807
69 20 98 4.9 39 6 [41130, 19932, 16207, 37236, 40061, 22102] 29444 10243.695812 41130 16207
70 20 96 4.8 19 6 [29356, 3109, 13265, 7753, 13875, 17609] 14161 8234.78909701 29356 3109
71 20 92 4.6 39 17 [26063, 10072, 20644, 6320, 22320, 771, 988, 4067, 8475, 16626, 18240, 20472, 32190, 32537, 38505, 39187, 40449] 19878 13049.9553391 40449 771
72 20 70 3.5 36 4 [42240, 1463, 3381, 5270] 13088 16884.361855 42240 1463
73 20 80 4.0 39 2 [58221, 9455] 33838 24383.0 58221 9455
74 20 88 4.4 39 5 [39600, 97, 733, 3148, 11167] 10949 14858.7717258 39600 97
75 20 80 4.0 39 8 [45692, 12761, 8120, 20950, 1461, 9773, 15916, 18140] 16601 12402.3786523 45692 1461
76 20 84 4.2 19 9 [45292, 7959, 14998, 24679, 617, 6070, 7703, 9494, 12227] 14337 12626.1773224 45292 617
77 20 108 5.4 1 1 [36398] 36398 0.0 36398 36398
78 20 84 4.2 39 6 [52917, 920, 14229, 10466, 21445, 23864] 20640 16260.0560005 52917 920
79 20 86 4.3 19 12 [52987, 1155, 3279, 5120, 8364, 1729, 1606, 2832, 7679, 12354, 15466, 21025] 11133 13949.2523754 52987 1155
80 20 90 4.5 19 7 [53660, 11443, 8472, 373, 8194, 12643, 16349] 15876 16089.6306955 53660 373
81 20 106 5.3 1 1 [49897] 49897 0.0 49897 49897
82 20 76 3.8 19 6 [63307, 1683, 1412, 3859, 19406, 1834] 15250 22405.5248203 63307 1412
83 20 80 4.0 19 15 [72296, 1620, 2756, 2165, 13540, 13235, 7302, 11919, 22588, 768, 1345, 3566, 7970, 12378, 10374] 12254 17112.3427782 72296 768
84 20 72 3.6 22 8 [93398, 4614, 12226, 24241, 5890, 14494, 23049, 24758, 9330] 23555 25741.9475656 93398 4614
85 20 98 4.9 19 8 [57039, 9320, 15046, 2840, 8569, 14627, 13229, 1149] 15227 16520.7353569 57039 1149
86 20 92 4.6 19 6 [64358, 21722, 1030, 21096, 4175, 8022] 20067 21313.2806986 64358 1030
87 20 84 4.2 39 7 [82499, 23943, 8760, 34, 13396, 15638, 28441] 24673 25150.0719794 82499 34
88 20 78 3.9 19 14 [102249, 2372, 3196, 7707, 13368, 1142, 1587, 4124, 10404, 321, 976, 2903, 6926, 15290] 12326 25357.5312635 102249 321
89 20 98 4.9 19 8 [69536, 3675, 2790, 20886, 18302, 1022, 5543, 13253] 16875 21085.4905885 69536 1022
90 20 100 5.0 39 11 [67741, 13710, 5820, 18116, 1164, 2149, 21019, 29719, 40734, 42645, 62306] 27738 22086.8356652 67741 1164
91 20 100 5.0 19 6 [84318, 4274, 4249, 14294, 16214, 7445] 21799 28335.219698 84318 4249
92 20 108 5.4 1 1 [80451] 80451 0.0 80451 80451
93 20 78 3.9 19 9 [139698, 933, 306, 512, 7561, 21327, 13731, 10434, 14092] 23177 41753.4482793 139698 306
94 20 98 4.9 39 8 [103067, 1113, 7060, 14077, 29601, 37918, 51804, 59244] 37985 31297.6935692 103067 1113
95 20 86 4.3 39 3 [106229, 18282, 4934] 43148 44936.4006594 106229 4934
96 20 94 4.7 39 1 [130340] 130340 0.0 130340 130340
97 20 116 5.8 1 1 [18714] 18714 0.0 18714 18714
98 20 116 5.8 1 1 [21382] 21382 0.0 21382 21382
99 20 118 5.9 1 1 [21469] 21469 0.0 21469 21469
100 20 76 3.8 22 5 [153259, 217, 1372, 7987, 17897, 289, 4827] 26549 52048.7648837 153259 217
101 20 118 5.9 1 1 [27669] 27669 0.0 27669 27669
102 20 112 5.6 1 1 [31215] 31215 0.0 31215 31215
103 20 106 5.3 1 1 [97886] 97886 0.0 97886 97886
104 20 114 5.7 1 1 [34102] 34102 0.0 34102 34102
105 20 84 4.2 40 20 [134510, 4269, 10754, 2131, 6808, 10537, 20261, 16309, 19815, 2442, 4659, 9544, 7006, 5622, 5896, 17324, 12839, 12081, 26424, 27903] 17856 27751.171561 134510 2131
106 20 80 4.0 56 3 [217251, 7517, 11894] 78887 97854.2035286 217251 7517
107 20 104 5.2 1 1 [151763] 151763 0.0 151763 151763
108 20 82 4.1 57 5 [172667, 8887, 21917, 16916, 23093] 48696 62187.0761043 172667 8887
109 20 84 4.2 59 6 [199413, 2219, 3315, 8992, 11442, 17513] 40482 71258.9438589 199413 2219
110 20 72 3.6 39 12 [243383, 11685, 5503, 12633, 9636, 13267, 12519, 13583, 5333, 6385, 14956, 18631, 18738] 29711 61822.7652399 243383 5333
111 20 92 4.6 39 6 [154270, 17831, 7985, 4589, 8031, 50377] 40513 53160.3103026 154270 4589
112 20 100 5.0 39 5 [147256, 13585, 43859, 51366, 61340] 63481 44820.1772214 147256 13585
113 20 108 5.4 1 1 [152819] 152819 0.0 152819 152819
114 20 102 5.1 1 1 [214650] 214650 0.0 214650 214650
115 20 88 4.4 39 4 [199079, 2053, 11949, 8916] 55499 82973.2934515 199079 2053
116 20 102 5.1 1 1 [179292] 179292 0.0 179292 179292
117 20 84 4.2 36 11 [184715, 13544, 12711, 20606, 8475, 20519, 3941, 9216, 1045, 10207, 15020] 27272 50119.5667457 184715 1045
118 20 80 4.0 39 7 [196677, 1523, 3441, 11386, 14980, 22116, 24789] 39273 64759.9936721 196677 1523
119 20 108 5.4 1 1 [249125] 249125 0.0 249125 249125
120 20 96 4.8 39 10 [188499, 18635, 10675, 13678, 23107, 3616, 3666, 18787, 36167, 43201] 36003 52254.8806897 188499 3616
121 20 90 4.5 39 3 [234021, 10159, 12422] 85534 105000.229108 234021 10159
122 20 78 3.9 40 12 [227976, 8629, 21702, 22942, 20431, 179, 16685, 22758, 990, 3591, 7449, 14375] 30642 60046.6733482 227976 179
123 20 112 5.6 1 1 [87419] 87419 0.0 87419 87419
124 20 114 5.7 1 1 [136434] 136434 0.0 136434 136434
125 20 82 4.1 40 9 [242321, 22983, 3627, 22355, 22290, 7107, 9398, 26198, 28138] 42713 71067.0586012 242321 3627
126 20 108 5.4 1 1 [184063] 184063 0.0 184063 184063
127 20 104 5.2 1 1 [202934] 202934 0.0 202934 202934
128 20 90 4.5 39 6 [252515, 2448, 14463, 14829, 19930, 26521] 55117 88573.6236203 252515 2448
129 20 78 3.9 57 3 [310134, 1246, 10626] 107335 143451.433132 310134 1246
130 20 84 4.2 40 11 [230285, 23717, 6263, 7040, 8434, 15806, 10858, 11963, 13818, 31414, 31900] 35590 62177.2565714 230285 6263
131 20 74 3.7 57 4 [371984, 18827, 5320, 12110] 102060 155913.700621 371984 5320
132 20 114 5.7 1 1 [110295] 110295 0.0 110295 110295
133 20 76 3.8 60 4 [283112, 2482, 5058, 11150, 22205] 64801 109366.745903 283112 2482
134 20 116 5.8 1 1 [132403] 132403 0.0 132403 132403
135 20 108 5.4 1 1 [214403] 214403 0.0 214403 214403
136 20 98 4.9 39 4 [274272, 8813, 22016, 32955] 84514 109889.797581 274272 8813
137 20 94 4.7 39 9 [263539, 12028, 3883, 6012, 19236, 24322, 40540, 60498, 62314] 54708 76637.7694395 263539 3883
138 20 100 5.0 39 5 [281153, 1092, 11316, 12977, 61507] 73609 105864.387687 281153 1092
139 20 114 5.7 1 1 [240355] 240355 0.0 240355 240355
140 20 110 5.5 1 1 [158333] 158333 0.0 158333 158333
141 20 104 5.2 1 1 [264743] 264743 0.0 264743 264743
142 20 112 5.6 1 1 [166847] 166847 0.0 166847 166847
143 20 116 5.8 1 1 [186852] 186852 0.0 186852 186852
144 20 88 4.4 39 8 [362999, 12929, 3710, 3073, 9543, 10448, 14033, 26967] 55462 116444.236172 362999 3073
145 20 94 4.7 39 12 [312448, 5565, 15260, 18794, 5111, 7286, 15173, 33470, 36330, 49408, 55189, 62198] 51352 80983.9246984 312448 5111
146 20 102 5.1 1 1 [319571] 319571 0.0 319571 319571
147 20 82 4.1 58 2 [340107, 12097] 176102 164005.0 340107 12097
148 20 104 5.2 1 1 [340149] 340149 0.0 340149 340149
149 20 94 4.7 39 4 [455721, 26360, 52753, 62984] 149454 177327.206334 455721 26360
150 20 116 5.8 1 1 [270933] 270933 0.0 270933 270933
151 20 106 5.3 1 1 [339415] 339415 0.0 339415 339415
152 20 96 4.8 39 11 [405550, 21083, 1384, 14206, 11617, 25966, 29289, 33366, 47469, 54390, 60166] 64044 109383.662046 405550 1384
153 20 102 5.1 1 1 [353911] 353911 0.0 353911 353911
154 20 118 5.9 1 1 [314237] 314237 0.0 314237 314237
155 20 88 4.4 39 4 [404459, 20737, 486, 9077] 108689 170913.638247 404459 486
156 20 116 5.8 1 1 [242640] 242640 0.0 242640 242640
157 20 86 4.3 59 4 [568640, 10407, 26494, 12306] 154461 239206.707718 568640 10407
158 20 102 5.1 1 1 [355971] 355971 0.0 355971 355971
159 20 94 4.7 39 2 [495276, 3020] 249148 246128.0 495276 3020
160 20 108 5.4 1 1 [412538] 412538 0.0 412538 412538
161 20 106 5.3 1 1 [554929] 554929 0.0 554929 554929
162 20 92 4.6 39 2 [517743, 18896] 268319 249423.5 517743 18896
163 20 110 5.5 1 1 [399134] 399134 0.0 399134 399134
164 20 110 5.5 1 1 [507836] 507836 0.0 507836 507836
165 20 112 5.6 1 1 [440871] 440871 0.0 440871 440871
166 20 94 4.7 39 7 [578126, 17781, 19157, 20223, 53752, 57679, 61521] 115462 189737.151069 578126 17781
167 20 114 5.7 1 1 [393642] 393642 0.0 393642 393642
168 20 118 5.9 1 1 [376666] 376666 0.0 376666 376666
169 20 96 4.8 39 4 [528166, 13831, 3975, 48405] 148594 219766.046192 528166 3975
170 20 104 5.2 1 1 [582568] 582568 0.0 582568 582568
171 20 88 4.4 39 6 [861424, 14100, 5994, 28351, 10353, 16597] 156136 315489.257672 861424 5994
172 20 82 4.1 62 3 [824808, 23338, 10266] 286137 380935.064144 824808 10266
173 20 110 5.5 1 1 [621905] 621905 0.0 621905 621905
174 20 96 4.8 39 6 [719770, 14598, 10657, 31949, 61505, 53667] 148691 256068.088531 719770 10657
175 20 106 5.3 1 1 [695210] 695210 0.0 695210 695210
176 20 98 4.9 42 4 [864489, 29105, 43378, 58725] 248924 355550.797954 864489 29105
177 20 102 5.1 1 1 [924545] 924545 0.0 924545 924545
178 20 104 5.2 1 1 [909047] 909047 0.0 909047 909047
179 20 112 5.6 1 1 [637528] 637528 0.0 637528 637528
180 20 90 4.5 39 1 [923197] 923197 0.0 923197 923197
181 20 102 5.1 1 1 [970674] 970674 0.0 970674 970674
182 20 112 5.6 1 1 [826849] 826849 0.0 826849 826849
183 20 90 4.5 39 1 [1050157] 1050157 0.0 1050157 1050157
184 20 114 5.7 1 1 [749554] 749554 0.0 749554 749554
185 20 112 5.6 1 1 [809453] 809453 0.0 809453 809453
186 20 118 5.9 1 1 [808577] 808577 0.0 808577 808577
187 20 118 5.9 1 1 [732604] 732604 0.0 732604 732604
188 20 100 5.0 39 5 [1113625, 18213, 46591, 38892, 53901] 254244 429855.767923 1113625 18213
189 20 110 5.5 1 1 [829066] 829066 0.0 829066 829066
190 20 100 5.0 39 2 [1113381, 54736] 584058 529322.5 1113381 54736
191 20 116 5.8 1 1 [861896] 861896 0.0 861896 861896
192 20 116 5.8 1 1 [996789] 996789 0.0 996789 996789
193 20 112 5.6 1 1 [1132007] 1132007 0.0 1132007 1132007
194 20 90 4.5 42 3 [1774036, 8477, 12686] 598399 831302.199408 1774036 8477
195 20 96 4.8 39 2 [1878551, 25981] 952266 926285.0 1878551 25981
196 20 80 4.0 65 2 [1890400, 7719] 949059 941340.5 1890400 7719
197 20 118 5.9 1 1 [1399605] 1399605 0.0 1399605 1399605
198 20 92 4.6 42 3 [2121942, 43342, 61292] 742192 975658.10183 2121942 43342
199 20 106 5.3 1 1 [1875757] 1875757 0.0 1875757 1875757
200 20 110 5.5 1 1 [1942599] 1942599 0.0 1942599 1942599
201 20 100 5.0 39 5 [2297129, 18291, 21072, 41990, 47492] 485194 906038.510543 2297129 18291
202 20 100 5.0 42 2 [2564706, 16381] 1290543 1274162.5 2564706 16381
203 20 110 5.5 1 1 [2110284] 2110284 0.0 2110284 2110284
204 20 102 5.1 1 1 [2727672] 2727672 0.0 2727672 2727672
205 20 114 5.7 1 1 [2325413] 2325413 0.0 2325413 2325413
206 20 96 4.8 42 2 [2965487, 20067] 1492777 1472710.0 2965487 20067
207 20 108 5.4 1 1 [2848962] 2848962 0.0 2848962 2848962
208 20 106 5.3 1 1 [3006434] 3006434 0.0 3006434 3006434
209 20 0 0 1 1 [] 0 0 0 0
